1.921568627450980504e-01 2.117647058823529105e-01 5.843137254901961120e-01
1.952326028450596107e-01 2.214532871972317851e-01 5.890811226451364568e-01
1.983083429450211432e-01 2.311418685121106320e-01 5.938485198000769127e-01
2.013840830449826758e-01 2.408304498269895066e-01 5.986159169550172576e-01
2.044598231449443193e-01 2.505190311418686311e-01 6.033833141099578246e-01
2.075355632449058518e-01 2.602076124567475057e-01 6.081507112648981694e-01
2.106113033448673844e-01 2.698961937716263249e-01 6.129181084198386253e-01
2.136870434448289169e-01 2.795847750865052550e-01 6.176855055747789702e-01
2.167627835447904772e-01 2.892733564013840741e-01 6.224529027297194261e-01
2.198385236447520097e-01 2.989619377162629488e-01 6.272202998846597710e-01
2.229142637447135700e-01 3.086505190311418234e-01 6.319876970396001159e-01
2.259900038446751858e-01 3.183391003460209756e-01 6.367550941945406828e-01
2.290657439446367183e-01 3.280276816608997947e-01 6.415224913494810277e-01
2.321414840445982786e-01 3.377162629757786694e-01 6.462898885044214836e-01
2.352172241445598111e-01 3.474048442906575440e-01 6.510572856593618285e-01
2.382929642445213436e-01 3.570934256055363631e-01 6.558246828143022844e-01
2.413687043444829039e-01 3.667820069204152378e-01 6.605920799692426293e-01
2.444444444444444364e-01 3.764705882352941124e-01 6.653594771241830852e-01
2.475201845444059690e-01 3.861591695501729316e-01 6.701268742791234301e-01
2.505959246443675292e-01 3.958477508650518062e-01 6.748942714340638860e-01
2.536716647443291728e-01 4.055363321799309584e-01 6.796616685890043419e-01
2.567474048442907053e-01 4.152249134948098330e-01 6.844290657439447978e-01
2.598231449442522378e-01 4.249134948096886522e-01 6.891964628988851427e-01
2.628988850442137704e-01 4.346020761245675268e-01 6.939638600538254876e-01
2.659746251441753029e-01 4.442906574394464014e-01 6.987312572087659435e-01
2.690503652441368354e-01 4.539792387543252761e-01 7.034986543637062884e-01
2.742022299115724482e-01 4.631295655517108090e-01 7.081122645136486149e-01
2.814302191464822522e-01 4.717416378316033887e-01 7.125720876585930341e-01
2.886582083813918898e-01 4.803537101114957464e-01 7.170319108035372313e-01
2.958861976163015273e-01 4.889657823913880486e-01 7.214917339484814285e-01
3.031141868512111648e-01 4.975778546712803507e-01 7.259515570934257367e-01
3.103421760861208023e-01 5.061899269511727084e-01 7.304113802383699339e-01
3.175701653210304398e-01 5.148019992310650661e-01 7.348712033833141311e-01
3.247981545559400218e-01 5.234140715109573128e-01 7.393310265282584393e-01
3.320261437908496593e-01 5.320261437908496704e-01 7.437908496732026364e-01
3.392541330257592969e-01 5.406382160707420281e-01 7.482506728181468336e-01
3.464821222606691009e-01 5.492502883506344968e-01 7.527104959630912528e-01
3.537101114955787384e-01 5.578623606305268545e-01 7.571703191080354500e-01
3.609381007304883759e-01 5.664744329104192122e-01 7.616301422529796472e-01
3.681660899653980135e-01 5.750865051903115699e-01 7.660899653979239554e-01
3.753940792003076510e-01 5.836985774702038166e-01 7.705497885428681526e-01
3.826220684352172330e-01 5.923106497500961742e-01 7.750096116878124608e-01
3.898500576701268705e-01 6.009227220299885319e-01 7.794694348327566580e-01
3.970780469050367301e-01 6.095347943098810006e-01 7.839292579777009662e-01
4.043060361399463121e-01 6.181468665897733583e-01 7.883890811226452744e-01
4.115340253748559496e-01 6.267589388696657160e-01 7.928489042675894716e-01
4.187620146097655871e-01 6.353710111495580737e-01 7.973087274125336688e-01
4.259900038446752246e-01 6.439830834294503203e-01 8.017685505574779770e-01
4.332179930795848621e-01 6.525951557093426780e-01 8.062283737024221741e-01
4.404459823144944441e-01 6.612072279892350357e-01 8.106881968473663713e-01
4.476739715494040817e-01 6.698193002691272824e-01 8.151480199923106795e-01
4.549019607843137747e-01 6.784313725490196401e-01 8.196078431372548767e-01
4.633602460592082251e-01 6.851980007689352226e-01 8.232987312572088712e-01
4.718185313341024534e-01 6.919646289888505830e-01 8.269896193771626436e-01
4.802768166089966817e-01 6.987312572087660545e-01 8.306805074971165270e-01
4.887351018838909100e-01 7.054978854286814149e-01 8.343713956170704105e-01
4.971933871587851383e-01 7.122645136485967754e-01 8.380622837370241829e-01
5.056516724336794777e-01 7.190311418685122469e-01 8.417531718569780663e-01
5.141099577085737060e-01 7.257977700884276073e-01 8.454440599769319498e-01
5.225682429834681564e-01 7.325643983083431898e-01 8.491349480968859442e-01
5.310265282583623847e-01 7.393310265282585503e-01 8.528258362168397166e-01
5.394848135332566130e-01 7.460976547481739107e-01 8.565167243367936001e-01
5.479430988081508414e-01 7.528642829680893822e-01 8.602076124567474835e-01
5.564013840830450697e-01 7.596309111880047427e-01 8.638985005767012559e-01
5.648596693579392980e-01 7.663975394079201031e-01 8.675893886966551394e-01
5.733179546328335263e-01 7.731641676278355746e-01 8.712802768166090228e-01
5.817762399077278657e-01 7.799307958477509350e-01 8.749711649365629063e-01
5.902345251826220940e-01 7.866974240676662955e-01 8.786620530565166787e-01
5.986928104575165444e-01 7.934640522875818780e-01 8.823529411764706731e-01
6.071510957324107727e-01 8.002306805074972385e-01 8.860438292964245566e-01
6.156093810073050010e-01 8.069973087274127099e-01 8.897347174163783290e-01
6.240676662821992293e-01 8.137639369473280704e-01 8.934256055363322124e-01
6.325259515570935687e-01 8.205305651672434308e-01 8.971164936562860959e-01
6.409842368319877970e-01 8.272971933871589023e-01 9.008073817762398683e-01
6.494425221068820253e-01 8.340638216070742628e-01 9.044982698961937517e-01
6.579008073817764757e-01 8.408304498269898453e-01 9.081891580161477462e-01
6.663590926566707040e-01 8.475970780469052057e-01 9.118800461361016296e-01
6.746635909265668030e-01 8.529796232218378460e-01 9.148788927335640420e-01
6.828143021914649946e-01 8.569780853517878771e-01 9.171856978085352052e-01
6.909650134563630752e-01 8.609765474817377973e-01 9.194925028835063685e-01
6.991157247212611558e-01 8.649750096116878284e-01 9.217993079584775318e-01
7.072664359861592365e-01 8.689734717416378595e-01 9.241061130334486950e-01
7.154171472510573171e-01 8.729719338715878907e-01 9.264129181084198583e-01
7.235678585159553977e-01 8.769703960015378108e-01 9.287197231833910216e-01
7.317185697808537004e-01 8.809688581314879530e-01 9.310265282583621849e-01
7.398692810457517810e-01 8.849673202614379841e-01 9.333333333333333481e-01
7.480199923106498616e-01 8.889657823913880152e-01 9.356401384083045114e-01
7.561707035755480533e-01 8.929642445213380464e-01 9.379469434832756747e-01
7.643214148404461339e-01 8.969627066512879665e-01 9.402537485582468380e-01
7.724721261053442145e-01 9.009611687812379976e-01 9.425605536332180012e-01
7.806228373702422951e-01 9.049596309111880288e-01 9.448673587081891645e-01
7.887735486351405978e-01 9.089580930411381710e-01 9.471741637831604388e-01
7.969242599000386784e-01 9.129565551710880911e-01 9.494809688581316021e-01
8.050749711649367590e-01 9.169550173010381222e-01 9.517877739331026543e-01
8.132256824298348397e-01 9.209534794309881534e-01 9.540945790080738176e-01
8.213763936947329203e-01 9.249519415609381845e-01 9.564013840830449809e-01
8.295271049596310009e-01 9.289504036908881046e-01 9.587081891580161441e-01
8.376778162245290815e-01 9.329488658208381358e-01 9.610149942329873074e-01
8.458285274894272732e-01 9.369473279507881669e-01 9.633217993079584707e-01
8.539792387543253538e-01 9.409457900807381980e-01 9.656286043829296339e-01
8.621299500192236565e-01 9.449442522106883402e-01 9.679354094579009082e-01
8.702806612841217371e-01 9.489427143406382603e-01 9.702422145328720715e-01
8.784313725490197067e-01 9.529411764705881804e-01 9.725490196078429017e-01
8.831987697039601626e-01 9.547866205305651777e-01 9.637831603229525257e-01
8.879661668589005075e-01 9.566320645905420639e-01 9.550173010380620386e-01
8.927335640138408523e-01 9.584775086505190611e-01 9.462514417531717736e-01
8.975009611687813083e-01 9.603229527104959473e-01 9.374855824682812866e-01
9.022683583237217642e-01 9.621683967704729445e-01 9.287197231833906885e-01
9.070357554786622201e-01 9.640138408304498308e-01 9.199538638985003125e-01
9.118031526336025649e-01 9.658592848904267170e-01 9.111880046136099365e-01
9.165705497885430209e-01 9.677047289504037142e-01 9.024221453287195605e-01
9.213379469434833657e-01 9.695501730103806004e-01 8.936562860438290734e-01
9.261053440984237106e-01 9.713956170703575976e-01 8.848904267589388084e-01
9.308727412533641665e-01 9.732410611303344838e-01 8.761245674740483214e-01
9.356401384083045114e-01 9.750865051903113701e-01 8.673587081891579453e-01
9.404075355632448563e-01 9.769319492502883673e-01 8.585928489042675693e-01
9.451749327181854232e-01 9.787773933102652535e-01 8.498269896193769712e-01
9.499423298731257681e-01 9.806228373702422507e-01 8.410611303344865952e-01
9.547097270280662240e-01 9.824682814302191369e-01 8.322952710495962192e-01
9.594771241830065689e-01 9.843137254901961342e-01 8.235294117647058432e-01
9.642445213379469138e-01 9.861591695501730204e-01 8.147635524798153561e-01
9.690119184928873697e-01 9.880046136101499066e-01 8.059976931949249801e-01
9.737793156478277146e-01 9.898500576701269038e-01 7.972318339100346041e-01
9.785467128027682815e-01 9.916955017301037900e-01 7.884659746251440060e-01
9.833141099577086264e-01 9.935409457900807872e-01 7.797001153402536300e-01
9.880815071126490823e-01 9.953863898500576735e-01 7.709342560553632540e-01
9.928489042675894272e-01 9.972318339100345597e-01 7.621683967704728779e-01
9.976163014225297720e-01 9.990772779700115569e-01 7.534025374855825019e-01
9.999231064975009353e-01 9.976163014225297720e-01 7.454056132256824396e-01
9.997693194925029170e-01 9.928489042675894272e-01 7.381776239907728021e-01
9.996155324875047876e-01 9.880815071126489713e-01 7.309496347558630536e-01
9.994617454825067693e-01 9.833141099577085154e-01 7.237216455209534161e-01
9.993079584775086399e-01 9.785467128027681705e-01 7.164936562860437785e-01
9.991541714725106216e-01 9.737793156478277146e-01 7.092656670511341410e-01
9.990003844675124922e-01 9.690119184928873697e-01 7.020376778162245035e-01
9.988465974625144739e-01 9.642445213379469138e-01 6.948096885813148660e-01
9.986928104575163445e-01 9.594771241830065689e-01 6.875816993464052285e-01
9.985390234525182152e-01 9.547097270280661130e-01 6.803537101114955910e-01
9.983852364475201968e-01 9.499423298731256571e-01 6.731257208765858424e-01
9.982314494425220675e-01 9.451749327181853122e-01 6.658977316416762049e-01
9.980776624375240491e-01 9.404075355632448563e-01 6.586697424067666784e-01
9.979238754325259197e-01 9.356401384083044004e-01 6.514417531718569299e-01
9.977700884275279014e-01 9.308727412533640555e-01 6.442137639369472923e-01
9.976163014225297720e-01 9.261053440984235996e-01 6.369857747020376548e-01
9.974625144175317537e-01 9.213379469434832547e-01 6.297577854671280173e-01
9.973087274125336243e-01 9.165705497885429098e-01 6.225297962322183798e-01
9.971549404075356060e-01 9.118031526336024539e-01 6.153018069973086313e-01
9.970011534025374766e-01 9.070357554786619980e-01 6.080738177623989937e-01
9.968473663975394583e-01 9.022683583237216531e-01 6.008458285274893562e-01
9.966935793925413289e-01 8.975009611687811972e-01 5.936178392925797187e-01
9.965397923875433106e-01 8.927335640138407413e-01 5.863898500576700812e-01
9.963860053825451812e-01 8.879661668589003964e-01 5.791618608227604437e-01
9.962322183775471629e-01 8.831987697039599405e-01 5.719338715878508062e-01
9.960784313725490335e-01 8.784313725490195957e-01 5.647058823529411686e-01
9.959246443675509042e-01 8.707420222991155700e-01 5.574778931180314201e-01
9.957708573625528858e-01 8.630526720492117665e-01 5.502499038831217826e-01
9.956170703575547565e-01 8.553633217993079629e-01 5.430219146482122561e-01
9.954632833525567381e-01 8.476739715494039373e-01 5.357939254133023965e-01
9.953094963475586088e-01 8.399846212995001338e-01 5.285659361783928700e-01
9.951557093425605904e-01 8.322952710495962192e-01 5.213379469434832325e-01
9.950019223375624611e-01 8.246059207996924156e-01 5.141099577085735950e-01
9.948481353325644427e-01 8.169165705497885011e-01 5.068819684736639575e-01
9.946943483275663134e-01 8.092272202998845865e-01 4.996539792387542089e-01
9.945405613225682950e-01 8.015378700499806719e-01 4.924259900038445714e-01
9.943867743175701657e-01 7.938485198000768683e-01 4.851980007689349894e-01
9.942329873125721473e-01 7.861591695501728427e-01 4.779700115340252409e-01
9.940792003075740180e-01 7.784698193002690392e-01 4.707420222991156034e-01
9.939254133025759996e-01 7.707804690503651246e-01 4.635140330642060214e-01
9.937716262975778703e-01 7.630911188004613210e-01 4.562860438292963838e-01
9.936178392925798519e-01 7.554017685505574065e-01 4.490580545943867463e-01
9.934640522875817226e-01 7.477124183006534919e-01 4.418300653594769978e-01
9.933102652825835932e-01 7.400230680507496883e-01 4.346020761245673603e-01
9.931564782775855749e-01 7.323337178008457737e-01 4.273740868896577783e-01
9.930026912725874455e-01 7.246443675509418592e-01 4.201460976547480297e-01
9.928489042675894272e-01 7.169550173010379446e-01 4.129181084198383922e-01
9.926951172625912978e-01 7.092656670511341410e-01 4.056901191849287547e-01
9.925413302575932795e-01 7.015763168012302264e-01 3.984621299500191727e-01
9.923875432525951501e-01 6.938869665513264229e-01 3.912341407151095352e-01
9.922337562475971318e-01 6.861976163014223973e-01 3.840061514801997866e-01
9.914648212226067070e-01 6.773548635140329566e-01 3.780853517877738601e-01
9.900807381776239868e-01 6.673587081891578787e-01 3.734717416378315336e-01
9.886966551326412667e-01 6.573625528642828009e-01 3.688581314878891515e-01
9.873125720876585465e-01 6.473663975394077230e-01 3.642445213379468805e-01
9.859284890426759373e-01 6.373702422145327562e-01 3.596309111880045539e-01
9.845444059976932172e-01 6.273740868896577894e-01 3.550173010380622274e-01
9.831603229527104970e-01 6.173779315647827115e-01 3.504036908881199563e-01
9.817762399077277768e-01 6.073817762399076337e-01 3.457900807381775743e-01
9.803921568627451677e-01 5.973856209150325558e-01 3.411764705882352477e-01
9.790080738177624475e-01 5.873894655901575890e-01 3.365628604382929212e-01
9.776239907727797274e-01 5.773933102652824001e-01 3.319492502883505392e-01
9.762399077277970072e-01 5.673971549404074333e-01 3.273356401384082126e-01
9.748558246828142870e-01 5.574009996155324664e-01 3.227220299884659416e-01
9.734717416378316779e-01 5.474048442906573886e-01 3.181084198385236150e-01
9.720876585928489577e-01 5.374086889657823107e-01 3.134948096885812885e-01
9.707035755478662375e-01 5.274125336409072329e-01 3.088811995386389064e-01
9.693194925028835174e-01 5.174163783160321550e-01 3.042675893886966354e-01
9.679354094579007972e-01 5.074202229911571882e-01 2.996539792387543089e-01
9.665513264129181881e-01 4.974240676662821103e-01 2.950403690888119823e-01
9.651672433679354679e-01 4.874279123414070325e-01 2.904267589388696003e-01
9.637831603229527477e-01 4.774317570165320657e-01 2.858131487889273292e-01
9.623990772779700276e-01 4.674356016916570433e-01 2.811995386389850027e-01
9.610149942329873074e-01 4.574394463667819655e-01 2.765859284890426761e-01
9.596309111880046983e-01 4.474432910419068876e-01 2.719723183391002941e-01
9.582468281430219781e-01 4.374471357170318653e-01 2.673587081891580230e-01
9.568627450980392579e-01 4.274509803921567874e-01 2.627450980392156965e-01
9.524029219530949497e-01 4.180699730872740605e-01 2.584390618992695177e-01
9.479430988081507525e-01 4.086889657823912780e-01 2.541330257593232833e-01
9.434832756632064443e-01 3.993079584775085511e-01 2.498269896193771600e-01
9.390234525182622471e-01 3.899269511726258797e-01 2.455209534794309811e-01
9.345636293733179389e-01 3.805459438677430972e-01 2.412149173394848023e-01
9.301038062283737418e-01 3.711649365628603148e-01 2.369088811995386235e-01
9.256439830834294336e-01 3.617839292579776433e-01 2.326028450595924446e-01
9.211841599384852364e-01 3.524029219530949719e-01 2.282968089196462935e-01
9.167243367935409282e-01 3.430219146482121895e-01 2.239907727797001147e-01
9.122645136485967310e-01 3.336409073433294070e-01 2.196847366397539081e-01
9.078046905036524228e-01 3.242599000384467356e-01 2.153787004998077570e-01
9.033448673587082256e-01 3.148788927335640087e-01 2.110726643598616059e-01
8.988850442137639174e-01 3.054978854286812262e-01 2.067666282199154271e-01
8.944252210688197202e-01 2.961168781237984438e-01 2.024605920799692205e-01
8.899653979238754120e-01 2.867358708189157723e-01 1.981545559400230694e-01
8.855055747789312148e-01 2.773548635140330454e-01 1.938485198000768905e-01
8.810457516339869066e-01 2.679738562091502629e-01 1.895424836601307117e-01
8.765859284890427094e-01 2.585928489042675360e-01 1.852364475201845329e-01
8.721261053440984012e-01 2.492118415993848091e-01 1.809304113802383818e-01
8.676662821991542041e-01 2.398308342945020821e-01 1.766243752402922029e-01
8.632064590542098959e-01 2.304498269896193552e-01 1.723183391003460241e-01
8.587466359092656987e-01 2.210688196847366283e-01 1.680123029603998452e-01
8.542868127643213905e-01 2.116878123798538736e-01 1.637062668204536664e-01
8.498269896193771933e-01 2.023068050749711466e-01 1.594002306805074876e-01
8.453671664744328851e-01 1.929257977700884197e-01 1.550941945405613365e-01
8.392925797770087737e-01 1.845444059976932005e-01 1.528642829680892101e-01
8.316032295271049701e-01 1.771626297577854614e-01 1.527104959630911363e-01
8.239138792772010556e-01 1.697808535178777223e-01 1.525567089580930624e-01
8.162245290272971410e-01 1.623990772779700109e-01 1.524029219530949608e-01
8.085351787773933374e-01 1.550173010380622718e-01 1.522491349480968870e-01
8.008458285274894228e-01 1.476355247981545604e-01 1.520953479430988131e-01
7.931564782775855083e-01 1.402537485582468213e-01 1.519415609381007393e-01
7.854671280276817047e-01 1.328719723183391099e-01 1.517877739331026654e-01
7.777777777777777901e-01 1.254901960784313708e-01 1.516339869281045916e-01
7.700884275278738755e-01 1.181084198385236456e-01 1.514801999231065177e-01
7.623990772779700720e-01 1.107266435986159203e-01 1.513264129181084161e-01
7.547097270280661574e-01 1.033448673587081812e-01 1.511726259131103423e-01
7.470203767781622428e-01 9.596309111880045595e-02 1.510188389081122684e-01
7.393310265282584393e-01 8.858131487889273070e-02 1.508650519031141946e-01
7.316416762783545247e-01 8.119953863898500546e-02 1.507112648981161207e-01
7.239523260284506101e-01 7.381776239907728021e-02 1.505574778931180469e-01
7.162629757785466955e-01 6.643598615916955497e-02 1.504036908881199452e-01
7.085736255286428920e-01 5.905420991926182278e-02 1.502499038831218714e-01
7.008842752787389774e-01 5.167243367935409060e-02 1.500961168781237975e-01
6.931949250288350628e-01 4.429065743944636535e-02 1.499423298731257237e-01
6.855055747789311482e-01 3.690888119953864011e-02 1.497885428681276498e-01
6.778162245290273447e-01 2.952710495963091139e-02 1.496347558631295760e-01
6.701268742791234301e-01 2.214532871972318268e-02 1.494809688581314744e-01
6.624375240292195155e-01 1.476355247981545570e-02 1.493271818531334005e-01
6.547481737793157119e-01 7.381776239907727848e-03 1.491733948481353267e-01
6.470588235294117974e-01 0.000000000000000000e+00 1.490196078431372528e-01
