0.000000 0.086275 0.349020 
0.003922 0.090196 0.352941 
0.007843 0.090196 0.356863 
0.011765 0.094118 0.356863 
0.015686 0.098039 0.360784 
0.019608 0.098039 0.364706 
0.023529 0.101961 0.368627 
0.027451 0.105882 0.372549 
0.031373 0.105882 0.372549 
0.035294 0.109804 0.376471 
0.039216 0.113725 0.380392 
0.043137 0.113725 0.384314 
0.047059 0.117647 0.388235 
0.050980 0.117647 0.392157 
0.054902 0.121569 0.392157 
0.058824 0.125490 0.396078 
0.062745 0.125490 0.400000 
0.066667 0.129412 0.403922 
0.070588 0.133333 0.407843 
0.074510 0.133333 0.407843 
0.078431 0.137255 0.411765 
0.082353 0.141176 0.415686 
0.086275 0.141176 0.419608 
0.090196 0.145098 0.423529 
0.094118 0.149020 0.423529 
0.098039 0.149020 0.427451 
0.101961 0.152941 0.431373 
0.105882 0.156863 0.435294 
0.109804 0.156863 0.439216 
0.113725 0.160784 0.439216 
0.117647 0.164706 0.443137 
0.121569 0.164706 0.447059 
0.125490 0.168627 0.450980 
0.129412 0.168627 0.454902 
0.133333 0.172549 0.458824 
0.137255 0.176471 0.458824 
0.141176 0.176471 0.462745 
0.145098 0.180392 0.466667 
0.149020 0.184314 0.470588 
0.152941 0.184314 0.474510 
0.156863 0.188235 0.474510 
0.160784 0.192157 0.478431 
0.164706 0.192157 0.482353 
0.168627 0.196078 0.486275 
0.172549 0.200000 0.490196 
0.176471 0.200000 0.490196 
0.180392 0.203922 0.494118 
0.184314 0.207843 0.498039 
0.188235 0.207843 0.501961 
0.192157 0.211765 0.505882 
0.196078 0.215686 0.505882 
0.200000 0.215686 0.509804 
0.203922 0.219608 0.513725 
0.207843 0.219608 0.517647 
0.211765 0.223529 0.521569 
0.215686 0.227451 0.525490 
0.219608 0.227451 0.525490 
0.223529 0.231373 0.529412 
0.227451 0.235294 0.533333 
0.231373 0.235294 0.537255 
0.235294 0.239216 0.541176 
0.239216 0.243137 0.541176 
0.243137 0.243137 0.545098 
0.247059 0.247059 0.549020 
0.250980 0.250980 0.549020 
0.258824 0.250980 0.549020 
0.262745 0.254902 0.552941 
0.270588 0.254902 0.552941 
0.274510 0.258824 0.552941 
0.278431 0.258824 0.552941 
0.286275 0.262745 0.552941 
0.290196 0.266667 0.556863 
0.298039 0.266667 0.556863 
0.301961 0.270588 0.556863 
0.305882 0.270588 0.556863 
0.313725 0.274510 0.556863 
0.317647 0.274510 0.560784 
0.325490 0.278431 0.560784 
0.329412 0.278431 0.560784 
0.337255 0.282353 0.560784 
0.341176 0.286275 0.560784 
0.345098 0.286275 0.564706 
0.352941 0.290196 0.564706 
0.356863 0.290196 0.564706 
0.364706 0.294118 0.564706 
0.368627 0.294118 0.564706 
0.372549 0.298039 0.568627 
0.380392 0.301961 0.568627 
0.384314 0.301961 0.568627 
0.392157 0.305882 0.568627 
0.396078 0.305882 0.568627 
0.400000 0.309804 0.572549 
0.407843 0.309804 0.572549 
0.411765 0.313725 0.572549 
0.419608 0.313725 0.572549 
0.423529 0.317647 0.576471 
0.427451 0.321569 0.576471 
0.435294 0.321569 0.576471 
0.439216 0.325490 0.576471 
0.447059 0.325490 0.576471 
0.450980 0.329412 0.580392 
0.454902 0.329412 0.580392 
0.462745 0.333333 0.580392 
0.466667 0.337255 0.580392 
0.474510 0.337255 0.580392 
0.478431 0.341176 0.584314 
0.482353 0.341176 0.584314 
0.490196 0.345098 0.584314 
0.494118 0.345098 0.584314 
0.501961 0.349020 0.584314 
0.505882 0.349020 0.588235 
0.513725 0.352941 0.588235 
0.517647 0.356863 0.588235 
0.521569 0.356863 0.588235 
0.529412 0.360784 0.588235 
0.533333 0.360784 0.592157 
0.541176 0.364706 0.592157 
0.545098 0.364706 0.592157 
0.549020 0.368627 0.592157 
0.556863 0.372549 0.592157 
0.560784 0.372549 0.596078 
0.568627 0.376471 0.596078 
0.572549 0.376471 0.596078 
0.576471 0.380392 0.596078 
0.584314 0.380392 0.596078 
0.588235 0.384314 0.600000 
0.596078 0.384314 0.600000 
0.600000 0.388235 0.600000 
0.603922 0.392157 0.600000 
0.607843 0.392157 0.596078 
0.607843 0.396078 0.596078 
0.611765 0.396078 0.596078 
0.615686 0.400000 0.592157 
0.619608 0.400000 0.592157 
0.623529 0.403922 0.592157 
0.623529 0.403922 0.592157 
0.627451 0.407843 0.588235 
0.631373 0.407843 0.588235 
0.635294 0.411765 0.588235 
0.639216 0.411765 0.584314 
0.639216 0.415686 0.584314 
0.643137 0.415686 0.584314 
0.647059 0.419608 0.580392 
0.650980 0.423529 0.580392 
0.654902 0.423529 0.580392 
0.654902 0.427451 0.576471 
0.658824 0.427451 0.576471 
0.662745 0.431373 0.576471 
0.666667 0.431373 0.572549 
0.670588 0.435294 0.572549 
0.670588 0.435294 0.572549 
0.674510 0.439216 0.572549 
0.678431 0.439216 0.568627 
0.682353 0.443137 0.568627 
0.686275 0.443137 0.568627 
0.686275 0.447059 0.564706 
0.690196 0.447059 0.564706 
0.694118 0.450980 0.564706 
0.698039 0.450980 0.560784 
0.701961 0.454902 0.560784 
0.701961 0.458824 0.560784 
0.705882 0.458824 0.556863 
0.709804 0.462745 0.556863 
0.713725 0.462745 0.556863 
0.713725 0.466667 0.552941 
0.717647 0.466667 0.552941 
0.721569 0.470588 0.552941 
0.725490 0.470588 0.552941 
0.729412 0.474510 0.549020 
0.729412 0.474510 0.549020 
0.733333 0.478431 0.549020 
0.737255 0.478431 0.545098 
0.741176 0.482353 0.545098 
0.745098 0.482353 0.545098 
0.745098 0.486275 0.541176 
0.749020 0.490196 0.541176 
0.752941 0.490196 0.541176 
0.756863 0.494118 0.537255 
0.760784 0.494118 0.537255 
0.760784 0.498039 0.537255 
0.764706 0.498039 0.533333 
0.768627 0.501961 0.533333 
0.772549 0.501961 0.533333 
0.776471 0.505882 0.533333 
0.776471 0.505882 0.529412 
0.780392 0.509804 0.529412 
0.784314 0.509804 0.529412 
0.788235 0.513725 0.525490 
0.792157 0.513725 0.525490 
0.792157 0.517647 0.525490 
0.796078 0.517647 0.521569 
0.800000 0.521569 0.521569 
0.803922 0.529412 0.525490 
0.807843 0.533333 0.529412 
0.807843 0.541176 0.533333 
0.811765 0.549020 0.537255 
0.815686 0.556863 0.545098 
0.819608 0.560784 0.549020 
0.823529 0.568627 0.552941 
0.823529 0.576471 0.556863 
0.827451 0.580392 0.560784 
0.831373 0.588235 0.564706 
0.835294 0.596078 0.568627 
0.839216 0.600000 0.572549 
0.839216 0.607843 0.576471 
0.843137 0.615686 0.584314 
0.847059 0.623529 0.588235 
0.850980 0.627451 0.592157 
0.854902 0.635294 0.596078 
0.854902 0.643137 0.600000 
0.858824 0.647059 0.603922 
0.862745 0.654902 0.607843 
0.866667 0.662745 0.611765 
0.870588 0.666667 0.615686 
0.870588 0.674510 0.623529 
0.874510 0.682353 0.627451 
0.878431 0.690196 0.631373 
0.882353 0.694118 0.635294 
0.886275 0.701961 0.639216 
0.886275 0.709804 0.643137 
0.890196 0.713725 0.647059 
0.894118 0.721569 0.650980 
0.898039 0.729412 0.654902 
0.901961 0.737255 0.662745 
0.901961 0.741176 0.666667 
0.905882 0.749020 0.670588 
0.909804 0.756863 0.674510 
0.913725 0.760784 0.678431 
0.913725 0.768627 0.682353 
0.917647 0.776471 0.686275 
0.921569 0.780392 0.690196 
0.925490 0.788235 0.694118 
0.929412 0.796078 0.698039 
0.929412 0.803922 0.705882 
0.933333 0.807843 0.709804 
0.937255 0.815686 0.713725 
0.941176 0.823529 0.717647 
0.945098 0.827451 0.721569 
0.945098 0.835294 0.725490 
0.949020 0.843137 0.729412 
0.952941 0.847059 0.733333 
0.956863 0.854902 0.737255 
0.960784 0.862745 0.745098 
0.960784 0.870588 0.749020 
0.964706 0.874510 0.752941 
0.968627 0.882353 0.756863 
0.972549 0.890196 0.760784 
0.976471 0.894118 0.764706 
0.976471 0.901961 0.768627 
0.980392 0.909804 0.772549 
0.984314 0.913725 0.776471 
0.988235 0.921569 0.784314 
0.992157 0.929412 0.788235 
0.992157 0.937255 0.792157 
1.000000 0.949020 0.800000 
