9.294561700000000259e-01 4.281619999999999870e-03 4.152047999999999850e-02
9.301812000000000413e-01 2.251579999999999901e-02 4.419523999999999675e-02
9.309011400000000158e-01 4.090309999999999779e-02 4.682290000000000063e-02
9.316160199999999891e-01 5.707854999999999873e-02 4.940775000000000028e-02
9.323258700000000010e-01 7.061717000000000688e-02 5.195352999999999777e-02
9.330307100000000409e-01 8.246657000000000293e-02 5.446353000000000305e-02
9.337305700000000375e-01 9.312186999999999548e-02 5.694064000000000070e-02
9.344254800000000305e-01 1.028791899999999954e-01 5.938745000000000135e-02
9.351154600000000094e-01 1.119317299999999932e-01 6.180626000000000175e-02
9.358005400000000140e-01 1.204135000000000066e-01 6.419912999999999315e-02
9.364807499999999729e-01 1.284218099999999974e-01 6.656790999999999403e-02
9.371561099999999866e-01 1.360298699999999972e-01 6.891427999999999443e-02
9.378266499999999839e-01 1.432943200000000028e-01 7.123975999999999920e-02
9.384924000000000044e-01 1.502599799999999874e-01 7.354571000000000025e-02
9.391533800000000376e-01 1.569630599999999876e-01 7.583341000000000387e-02
9.398096099999999620e-01 1.634332400000000074e-01 7.810398999999999814e-02
9.404611200000000393e-01 1.696952200000000077e-01 8.035850999999999411e-02
9.411079500000000264e-01 1.757697900000000091e-01 8.259793999999999470e-02
9.417501099999999736e-01 1.816746399999999984e-01 8.482314999999999994e-02
9.423876199999999814e-01 1.874249699999999963e-01 8.703497999999999790e-02
9.430205299999999680e-01 1.930339299999999925e-01 8.923419000000000489e-02
9.436488400000000443e-01 1.985129999999999950e-01 9.142145999999999606e-02
9.442725899999999672e-01 2.038722699999999943e-01 9.359745999999999344e-02
9.448917999999999484e-01 2.091206499999999913e-01 9.576279999999999515e-02
9.455065000000000275e-01 2.142660500000000134e-01 9.791801999999999451e-02
9.461167000000000327e-01 2.193155300000000085e-01 1.000636699999999935e-01
9.467224499999999932e-01 2.242754499999999873e-01 1.022002199999999944e-01
9.473237500000000200e-01 2.291515199999999974e-01 1.043281399999999998e-01
9.479206399999999810e-01 2.339488999999999874e-01 1.064478600000000053e-01
9.485131399999999768e-01 2.386722799999999867e-01 1.085597799999999946e-01
9.491012699999999969e-01 2.433259399999999906e-01 1.106642800000000038e-01
9.496850599999999698e-01 2.479137800000000003e-01 1.127617100000000011e-01
9.502645299999999962e-01 2.524393799999999910e-01 1.148523999999999934e-01
9.508397100000000046e-01 2.569060300000000074e-01 1.169366700000000064e-01
9.514106199999999847e-01 2.613167599999999813e-01 1.190148099999999987e-01
9.519772800000000368e-01 2.656743500000000036e-01 1.210871099999999978e-01
9.525397300000000289e-01 2.699814099999999772e-01 1.231538199999999972e-01
9.530979699999999610e-01 2.742403400000000269e-01 1.252151999999999987e-01
9.536520299999999839e-01 2.784533699999999778e-01 1.272714799999999924e-01
9.542019499999999654e-01 2.826225700000000174e-01 1.293228800000000012e-01
9.547477399999999559e-01 2.867498900000000073e-01 1.313696199999999925e-01
9.552894100000000055e-01 2.908371399999999940e-01 1.334118900000000052e-01
9.558270100000000324e-01 2.948860200000000265e-01 1.354498799999999947e-01
9.563605499999999759e-01 2.988981299999999841e-01 1.374837799999999999e-01
9.568900399999999973e-01 3.028749499999999761e-01 1.395137599999999867e-01
9.574155199999999644e-01 3.068178899999999820e-01 1.415399800000000097e-01
9.579370099999999777e-01 3.107282800000000234e-01 1.435625799999999952e-01
9.584545199999999765e-01 3.146073600000000026e-01 1.455817299999999925e-01
9.589680900000000507e-01 3.184563300000000097e-01 1.475975599999999888e-01
9.594777199999999784e-01 3.222762800000000261e-01 1.496102099999999935e-01
9.599834499999999604e-01 3.260682699999999934e-01 1.516197999999999990e-01
9.604852900000000471e-01 3.298333099999999907e-01 1.536264499999999977e-01
9.609832699999999450e-01 3.335723400000000227e-01 1.556302800000000097e-01
9.614774099999999768e-01 3.372862600000000044e-01 1.576314099999999996e-01
9.619677199999999706e-01 3.409759299999999826e-01 1.596299300000000032e-01
9.624542299999999662e-01 3.446421499999999805e-01 1.616259499999999905e-01
9.629369599999999529e-01 3.482857200000000208e-01 1.636195699999999920e-01
9.634159199999999812e-01 3.519073500000000077e-01 1.656108699999999934e-01
9.638911399999999796e-01 3.555077700000000007e-01 1.675999599999999923e-01
9.643626400000000487e-01 3.590876299999999910e-01 1.695869000000000126e-01
9.648304399999999559e-01 3.626475900000000196e-01 1.715717999999999965e-01
9.652945600000000237e-01 3.661882499999999929e-01 1.735547100000000009e-01
9.657550099999999693e-01 3.697102099999999836e-01 1.755357300000000009e-01
9.662118200000000545e-01 3.732140299999999744e-01 1.775149099999999980e-01
9.666649999999999965e-01 3.767002400000000195e-01 1.794923400000000002e-01
9.671145700000000067e-01 3.801693700000000065e-01 1.814680700000000091e-01
9.675605499999999637e-01 3.836219100000000104e-01 1.834421699999999877e-01
9.680029599999999679e-01 3.870583300000000060e-01 1.854147100000000103e-01
9.684418200000000088e-01 3.904791000000000234e-01 1.873857399999999951e-01
9.688771400000000256e-01 3.938846599999999976e-01 1.893553099999999989e-01
9.693089400000000078e-01 3.972754299999999850e-01 1.913234900000000127e-01
9.697372399999999448e-01 4.006518099999999971e-01 1.932903300000000102e-01
9.701620499999999980e-01 4.040141999999999900e-01 1.952558799999999928e-01
9.705833900000000458e-01 4.073629899999999804e-01 1.972201799999999949e-01
9.710012799999999666e-01 4.106985200000000114e-01 1.991833000000000076e-01
9.714157399999999720e-01 4.140211599999999992e-01 2.011452599999999924e-01
9.718267699999999509e-01 4.173312499999999869e-01 2.031061200000000011e-01
9.722344000000000541e-01 4.206291099999999727e-01 2.050659200000000126e-01
9.726386399999999988e-01 4.239150700000000049e-01 2.070247000000000059e-01
9.730395099999999964e-01 4.271894199999999864e-01 2.089825100000000102e-01
9.734370100000000470e-01 4.304524599999999812e-01 2.109393699999999872e-01
9.738311600000000290e-01 4.337044899999999981e-01 2.128953399999999885e-01
9.742219899999999821e-01 4.369457800000000058e-01 2.148504400000000036e-01
9.746094899999999672e-01 4.401765999999999734e-01 2.168047100000000116e-01
9.749936900000000239e-01 4.433972099999999861e-01 2.187582000000000138e-01
9.753745999999999805e-01 4.466078600000000232e-01 2.207109200000000049e-01
9.757522299999999982e-01 4.498088000000000086e-01 2.226629199999999864e-01
9.761265999999999554e-01 4.530002699999999827e-01 2.246142299999999981e-01
9.764977000000000240e-01 4.561824899999999960e-01 2.265648700000000015e-01
9.768655699999999609e-01 4.593556999999999779e-01 2.285148899999999983e-01
9.772302000000000488e-01 4.625201099999999843e-01 2.304643000000000108e-01
9.775916199999999945e-01 4.656759300000000157e-01 2.324131399999999903e-01
9.779498199999999697e-01 4.688233600000000223e-01 2.343614499999999989e-01
9.783048300000000141e-01 4.719626199999999994e-01 2.363092300000000090e-01
9.786566500000000168e-01 4.750938900000000187e-01 2.382565399999999889e-01
9.790052900000000280e-01 4.782173599999999802e-01 2.402033799999999941e-01
9.793507599999999869e-01 4.813332200000000061e-01 2.421497900000000036e-01
9.796930700000000547e-01 4.844416500000000014e-01 2.440958000000000017e-01
9.800322299999999487e-01 4.875428199999999879e-01 2.460414200000000107e-01
9.803682500000000521e-01 4.906368999999999869e-01 2.479867000000000044e-01
9.807011300000000320e-01 4.937240700000000149e-01 2.499316400000000105e-01
9.810308899999999888e-01 4.968044699999999980e-01 2.518762800000000079e-01
9.813575300000000334e-01 4.998782800000000082e-01 2.538206399999999863e-01
9.816810500000000550e-01 5.029456500000000219e-01 2.557647499999999852e-01
9.820014700000000429e-01 5.060067299999999602e-01 2.577086299999999941e-01
9.823187899999999972e-01 5.090616599999999714e-01 2.596523000000000025e-01
9.826330100000000289e-01 5.121105799999999819e-01 2.615957899999999947e-01
9.829441500000000165e-01 5.151536599999999577e-01 2.635391200000000156e-01
9.832522000000000206e-01 5.181909999999999572e-01 2.654823199999999939e-01
9.835571800000000309e-01 5.212227699999999464e-01 2.674253999999999798e-01
9.838590799999999970e-01 5.242490699999999837e-01 2.693684000000000078e-01
9.841579099999999691e-01 5.272700500000000456e-01 2.713113400000000119e-01
9.844536699999999474e-01 5.302858299999999581e-01 2.732542299999999869e-01
9.847463699999999820e-01 5.332965400000000411e-01 2.751971100000000225e-01
9.850360099999999619e-01 5.363022899999999593e-01 2.771399999999999975e-01
9.853225899999999982e-01 5.393031999999999826e-01 2.790829100000000174e-01
9.856061200000000300e-01 5.422993900000000478e-01 2.810258800000000057e-01
9.858865799999999568e-01 5.452909700000000415e-01 2.829689300000000074e-01
9.861640000000000406e-01 5.482780600000000115e-01 2.849120800000000120e-01
9.864383599999999586e-01 5.512607600000000163e-01 2.868553600000000037e-01
9.867096699999999831e-01 5.542391800000000535e-01 2.887987799999999772e-01
9.869779300000000033e-01 5.572134300000000096e-01 2.907423800000000225e-01
9.872431299999999688e-01 5.601836100000000540e-01 2.926861800000000180e-01
9.875052800000000408e-01 5.631498099999999729e-01 2.946302000000000088e-01
9.877643699999999471e-01 5.661121500000000362e-01 2.965744599999999842e-01
9.880204099999999601e-01 5.690707099999999796e-01 2.985189999999999788e-01
9.882733900000000293e-01 5.720256000000000229e-01 3.004638399999999820e-01
9.885233100000000439e-01 5.749769000000000130e-01 3.024089999999999834e-01
9.887701700000000038e-01 5.779247100000000081e-01 3.043545100000000225e-01
9.890139599999999698e-01 5.808691200000000165e-01 3.063003899999999780e-01
9.892546800000000529e-01 5.838102200000000463e-01 3.082466799999999951e-01
9.894923199999999808e-01 5.867480900000000554e-01 3.101933900000000133e-01
9.897268900000000258e-01 5.896828299999999912e-01 3.121405500000000166e-01
9.899583800000000267e-01 5.926145099999999832e-01 3.140881999999999841e-01
9.901867800000000441e-01 5.955432299999999790e-01 3.160363500000000214e-01
9.904120800000000280e-01 5.984690499999999469e-01 3.179850300000000018e-01
9.906342999999999677e-01 6.013920699999999453e-01 3.199342900000000101e-01
9.908533999999999953e-01 6.043123599999999929e-01 3.218841299999999905e-01
9.910693999999999892e-01 6.072299899999999973e-01 3.238345899999999777e-01
9.912822799999999601e-01 6.101450499999999666e-01 3.257856900000000167e-01
9.914920400000000189e-01 6.130576199999999698e-01 3.277374800000000254e-01
9.916986800000000546e-01 6.159677500000000361e-01 3.296899699999999989e-01
9.919021700000000274e-01 6.188755400000000018e-01 3.316432000000000269e-01
9.921025199999999877e-01 6.217810400000000071e-01 3.335971899999999879e-01
9.922997199999999962e-01 6.246843300000000099e-01 3.355519800000000274e-01
9.924937700000000529e-01 6.275854899999999681e-01 3.375075900000000240e-01
9.926846400000000070e-01 6.304845599999999717e-01 3.394640600000000119e-01
9.928723400000000199e-01 6.333816399999999680e-01 3.414214199999999755e-01
9.930568499999999910e-01 6.362767700000000470e-01 3.433797000000000099e-01
9.932381700000000313e-01 6.391700299999999446e-01 3.453389299999999884e-01
9.934162899999999796e-01 6.420614700000000230e-01 3.472991300000000114e-01
9.935912000000000077e-01 6.449511700000000181e-01 3.492603599999999919e-01
9.937628800000000151e-01 6.478391900000000092e-01 3.512226199999999854e-01
9.939313400000000520e-01 6.507255800000000256e-01 3.531859700000000157e-01
9.940965600000000180e-01 6.536104000000000358e-01 3.551504300000000169e-01
9.942585299999999737e-01 6.564937199999999473e-01 3.571160299999999732e-01
9.944172399999999801e-01 6.593755900000000114e-01 3.590828099999999745e-01
9.945726900000000370e-01 6.622560699999999745e-01 3.610507900000000103e-01
9.947248499999999938e-01 6.651352200000000270e-01 3.630200199999999988e-01
9.948737300000000117e-01 6.680130800000000368e-01 3.649905199999999850e-01
9.950193200000000404e-01 6.708897200000000227e-01 3.669623300000000032e-01
9.951615999999999795e-01 6.737651999999999530e-01 3.689354899999999771e-01
9.953005600000000008e-01 6.766395499999999785e-01 3.709100100000000122e-01
9.954361999999999933e-01 6.795128400000000068e-01 3.728859500000000216e-01
9.955685100000000176e-01 6.823851100000000169e-01 3.748633199999999999e-01
9.956974699999999734e-01 6.852564100000000380e-01 3.768421699999999763e-01
9.958230799999999716e-01 6.881268000000000384e-01 3.788225299999999907e-01
9.959453299999999620e-01 6.909963199999999972e-01 3.808044199999999768e-01
9.960642100000000054e-01 6.938650200000000545e-01 3.827878900000000195e-01
9.961797100000000516e-01 6.967329500000000175e-01 3.847729599999999972e-01
9.962918299999999894e-01 6.996001400000000370e-01 3.867596600000000051e-01
9.964005500000000515e-01 7.024666600000000205e-01 3.887480300000000222e-01
9.965058599999999656e-01 7.053325299999999576e-01 3.907380999999999771e-01
9.966077700000000039e-01 7.081978100000000387e-01 3.927299000000000206e-01
9.967062700000000053e-01 7.110625400000000207e-01 3.947234600000000260e-01
9.968013300000000410e-01 7.139267599999999936e-01 3.967188099999999773e-01
9.968929699999999894e-01 7.167905100000000473e-01 3.987159800000000254e-01
9.969811800000000224e-01 7.196538300000000499e-01 4.007149899999999931e-01
9.970659400000000394e-01 7.225167599999999801e-01 4.027158800000000261e-01
9.971472500000000405e-01 7.253793299999999888e-01 4.047186799999999973e-01
9.972251199999999649e-01 7.282416000000000444e-01 4.067234000000000127e-01
9.972995300000000451e-01 7.311035900000000254e-01 4.087300799999999956e-01
9.973704700000000090e-01 7.339653499999999609e-01 4.107387399999999911e-01
9.974379599999999568e-01 7.368268999999999513e-01 4.127493999999999885e-01
9.975019800000000103e-01 7.396882799999999758e-01 4.147620900000000277e-01
9.975625299999999473e-01 7.425495399999999524e-01 4.167768199999999923e-01
9.976196099999999900e-01 7.454106900000000424e-01 4.187936299999999723e-01
9.976732299999999665e-01 7.482717800000000530e-01 4.208125300000000180e-01
9.977233699999999983e-01 7.511328400000000238e-01 4.228335400000000077e-01
9.977700299999999745e-01 7.539939100000000449e-01 4.248566699999999918e-01
9.978132299999999955e-01 7.568550000000000555e-01 4.268819500000000100e-01
9.978529499999999608e-01 7.597161599999999737e-01 4.289093800000000067e-01
9.978892099999999710e-01 7.625774100000000111e-01 4.309389800000000270e-01
9.979219999999999757e-01 7.654387799999999853e-01 4.329707600000000101e-01
9.979513300000000253e-01 7.683003099999999863e-01 4.350047400000000009e-01
9.979771899999999585e-01 7.711620200000000036e-01 4.370409199999999994e-01
9.979995999999999867e-01 7.740239399999999659e-01 4.390793000000000057e-01
9.980185599999999990e-01 7.768861000000000239e-01 4.411199000000000092e-01
9.980340699999999954e-01 7.797485199999999450e-01 4.431627200000000100e-01
9.980461299999999758e-01 7.826112400000000413e-01 4.452077500000000132e-01
9.980547600000000408e-01 7.854742700000000299e-01 4.472550100000000084e-01
9.980599700000000185e-01 7.883376500000000009e-01 4.493044800000000061e-01
9.980617499999999698e-01 7.912014099999999939e-01 4.513561700000000010e-01
9.980601099999999448e-01 7.940655599999999481e-01 4.534100699999999984e-01
9.980550700000000441e-01 7.969301300000000143e-01 4.554661700000000035e-01
9.980466399999999849e-01 7.997951500000000102e-01 4.575244600000000217e-01
9.980348100000000500e-01 8.026606400000000363e-01 4.595849300000000026e-01
9.980196099999999459e-01 8.055266199999999710e-01 4.616475700000000071e-01
9.980010299999999557e-01 8.083931300000000153e-01 4.637123599999999901e-01
9.979791000000000079e-01 8.112601799999999974e-01 4.657792800000000177e-01
9.979538100000000522e-01 8.141277900000000178e-01 4.678483099999999895e-01
9.979251900000000175e-01 8.169960000000000555e-01 4.699194400000000216e-01
9.978932400000000147e-01 8.198648299999999889e-01 4.719926300000000241e-01
9.978579699999999830e-01 8.227342899999999792e-01 4.740678600000000076e-01
9.978193899999999728e-01 8.256044099999999553e-01 4.761450999999999878e-01
9.977775199999999733e-01 8.284752300000000069e-01 4.782243199999999805e-01
9.977323700000000350e-01 8.313467500000000232e-01 4.803054900000000016e-01
9.976839400000000468e-01 8.342190000000000438e-01 4.823885700000000165e-01
9.976322399999999480e-01 8.370920099999999975e-01 4.844735299999999856e-01
9.975773000000000001e-01 8.399657999999999847e-01 4.865603099999999959e-01
9.975191100000000421e-01 8.428403899999999949e-01 4.886488900000000024e-01
9.974576899999999524e-01 8.457158099999999568e-01 4.907392199999999760e-01
9.973930399999999530e-01 8.485920799999999709e-01 4.928312499999999985e-01
9.973251899999999726e-01 8.514692299999999658e-01 4.949249299999999852e-01
9.972541200000000217e-01 8.543472899999999814e-01 4.970202100000000178e-01
9.971798699999999682e-01 8.572262699999999569e-01 4.991170400000000118e-01
9.971024200000000448e-01 8.601062000000000429e-01 5.012153700000000489e-01
9.970217900000000188e-01 8.629871099999999462e-01 5.033151300000000550e-01
9.969379800000000014e-01 8.658690199999999892e-01 5.054162800000000511e-01
9.968510000000000426e-01 8.687519599999999897e-01 5.075187399999999682e-01
9.967608599999999708e-01 8.716359599999999874e-01 5.096224599999999993e-01
9.966675499999999577e-01 8.745210500000000220e-01 5.117273799999999540e-01
9.965710700000000033e-01 8.774072499999999719e-01 5.138334199999999852e-01
9.964714399999999861e-01 8.802945899999999879e-01 5.159405200000000136e-01
9.963686400000000276e-01 8.831830999999999987e-01 5.180486199999999597e-01
9.962626700000000168e-01 8.860728100000000440e-01 5.201576300000000375e-01
9.961535400000000040e-01 8.889637500000000525e-01 5.222674999999999956e-01
9.960412400000000499e-01 8.918559600000000032e-01 5.243781400000000481e-01
9.959257599999999933e-01 8.947494499999999462e-01 5.264894799999999542e-01
9.958070799999999556e-01 8.976442700000000219e-01 5.286014500000000282e-01
9.956852099999999872e-01 9.005404399999999976e-01 5.307139699999999793e-01
9.955601400000000378e-01 9.034380100000000136e-01 5.328269500000000214e-01
9.954318300000000175e-01 9.063369999999999482e-01 5.349403299999999639e-01
9.953002899999999764e-01 9.092374500000000026e-01 5.370540299999999601e-01
9.951654899999999859e-01 9.121393899999999944e-01 5.391679499999999514e-01
9.950274199999999958e-01 9.150428600000000134e-01 5.412820299999999696e-01
9.948860499999999663e-01 9.179479000000000388e-01 5.433961800000000064e-01
9.947413499999999686e-01 9.208545500000000494e-01 5.455103100000000538e-01
9.945933000000000135e-01 9.237628399999999740e-01 5.476243400000000427e-01
9.944418800000000003e-01 9.266728100000000135e-01 5.497381999999999547e-01
9.942870400000000108e-01 9.295845099999999750e-01 5.518518000000000034e-01
9.941287599999999447e-01 9.324979700000000093e-01 5.539650499999999589e-01
9.939670000000000449e-01 9.354132299999999844e-01 5.560778699999999741e-01
9.938017099999999493e-01 9.383303400000000405e-01 5.581901799999999803e-01
9.936328599999999511e-01 9.412493400000000454e-01 5.603018899999999691e-01
9.934604099999999605e-01 9.441702800000000284e-01 5.624129199999999829e-01
