7.620433000000000068e-02 3.938534499999999938e-01 7.300915100000000546e-01
7.992931000000000341e-02 3.968283000000000227e-01 7.273541399999999824e-01
8.366355999999999793e-02 3.997697499999999793e-01 7.246796399999999583e-01
8.740183999999999453e-02 4.026793599999999862e-01 7.220666100000000531e-01
9.114007000000000358e-02 4.055597699999999861e-01 7.195071800000000239e-01
9.487453999999999332e-02 4.084112200000000192e-01 7.170058900000000346e-01
9.860212999999999617e-02 4.112348800000000248e-01 7.145622200000000257e-01
1.023207299999999986e-01 4.140328699999999973e-01 7.121698499999999932e-01
1.060280299999999953e-01 4.168057299999999854e-01 7.098309900000000505e-01
1.097221000000000030e-01 4.195542700000000069e-01 7.075462700000000327e-01
1.134018799999999966e-01 4.222801199999999811e-01 7.053110700000000399e-01
1.170661699999999972e-01 4.249841799999999892e-01 7.031248300000000340e-01
1.207136099999999990e-01 4.276669000000000165e-01 7.009895499999999613e-01
1.243436299999999967e-01 4.303294699999999917e-01 6.989024999999999821e-01
1.279560200000000036e-01 4.329731800000000130e-01 6.968599300000000163e-01
1.315495999999999888e-01 4.355981400000000225e-01 6.948654100000000167e-01
1.351239599999999874e-01 4.382051599999999825e-01 6.929179600000000550e-01
1.386797200000000063e-01 4.407958100000000101e-01 6.910111700000000079e-01
1.422157800000000138e-01 4.433700199999999758e-01 6.891494500000000523e-01
1.457319099999999923e-01 4.459284700000000212e-01 6.873322099999999990e-01
1.492285799999999996e-01 4.484722400000000220e-01 6.855554999999999843e-01
1.527056199999999864e-01 4.510018700000000269e-01 6.838192699999999791e-01
1.561625500000000111e-01 4.535176300000000049e-01 6.821251200000000292e-01
1.595994900000000105e-01 4.560202099999999814e-01 6.804716899999999624e-01
1.630173000000000039e-01 4.585106899999999985e-01 6.788541900000000240e-01
1.664151199999999997e-01 4.609889999999999821e-01 6.772765600000000275e-01
1.697930400000000062e-01 4.634556699999999863e-01 6.757380400000000398e-01
1.731517499999999932e-01 4.659115699999999971e-01 6.742350999999999761e-01
1.764912100000000095e-01 4.683570799999999812e-01 6.727678799999999848e-01
1.798110900000000068e-01 4.707923999999999998e-01 6.713377600000000056e-01
1.831115299999999946e-01 4.732180100000000222e-01 6.699440599999999524e-01
1.863936399999999993e-01 4.756348499999999979e-01 6.685817299999999852e-01
1.896566199999999980e-01 4.780428500000000192e-01 6.672544500000000545e-01
1.929005799999999882e-01 4.804423899999999970e-01 6.659617500000000190e-01
1.961259200000000091e-01 4.828340099999999802e-01 6.647018700000000280e-01
1.993332200000000054e-01 4.852183099999999860e-01 6.634722199999999459e-01
2.025219400000000114e-01 4.875953000000000093e-01 6.622753999999999586e-01
2.056921999999999917e-01 4.899653600000000164e-01 6.611108300000000382e-01
2.088445700000000071e-01 4.923290300000000008e-01 6.599760799999999650e-01
2.119792600000000027e-01 4.946866799999999897e-01 6.588703200000000093e-01
2.150959000000000065e-01 4.970383999999999913e-01 6.577951800000000349e-01
2.181946300000000005e-01 4.993845299999999932e-01 6.567501000000000033e-01
2.212760400000000072e-01 5.017255800000000043e-01 6.557325299999999801e-01
2.243401700000000054e-01 5.040618300000000440e-01 6.547422899999999490e-01
2.273867599999999933e-01 5.063933800000000041e-01 6.537805899999999948e-01
2.304159100000000016e-01 5.087205399999999988e-01 6.528469000000000078e-01
2.334281400000000062e-01 5.110437599999999581e-01 6.519389700000000065e-01
2.364235399999999876e-01 5.133633100000000171e-01 6.510563499999999504e-01
2.394018099999999927e-01 5.156792799999999621e-01 6.502002700000000246e-01
2.423630700000000138e-01 5.179919499999999788e-01 6.493702300000000482e-01
2.453076299999999987e-01 5.203016599999999992e-01 6.485647199999999835e-01
2.482358400000000132e-01 5.226087699999999447e-01 6.477821099999999666e-01
2.511472799999999728e-01 5.249133200000000166e-01 6.470241199999999804e-01
2.540420500000000192e-01 5.272155499999999773e-01 6.462902600000000053e-01
2.569202300000000272e-01 5.295157000000000336e-01 6.455800400000000216e-01
2.597824899999999770e-01 5.318142500000000439e-01 6.448901500000000508e-01
2.626283200000000262e-01 5.341111800000000187e-01 6.442228899999999925e-01
2.654577499999999923e-01 5.364067099999999533e-01 6.435778800000000466e-01
2.682708799999999894e-01 5.387010399999999644e-01 6.429546299999999714e-01
2.710679799999999862e-01 5.409944899999999945e-01 6.423515199999999536e-01
2.738492000000000148e-01 5.432873099999999678e-01 6.417676799999999515e-01
2.766142799999999902e-01 5.455795500000000242e-01 6.412042100000000522e-01
2.793632799999999916e-01 5.478714300000000481e-01 6.406606099999999637e-01
2.820962699999999823e-01 5.501631399999999950e-01 6.401364099999999890e-01
2.848136000000000001e-01 5.524550000000000294e-01 6.396295100000000122e-01
2.875151799999999813e-01 5.547471499999999667e-01 6.391402000000000472e-01
2.902009099999999786e-01 5.570396899999999762e-01 6.386688600000000049e-01
2.928708500000000159e-01 5.593327999999999633e-01 6.382149799999999873e-01
2.955250799999999956e-01 5.616266699999999945e-01 6.377780600000000355e-01
2.981638699999999975e-01 5.639215800000000334e-01 6.373562499999999575e-01
3.007871999999999768e-01 5.662176599999999560e-01 6.369495499999999755e-01
3.033949899999999755e-01 5.685149999999999926e-01 6.365583299999999500e-01
3.059873200000000071e-01 5.708137800000000484e-01 6.361820799999999831e-01
3.085642699999999738e-01 5.731141400000000496e-01 6.358202600000000260e-01
3.111259800000000242e-01 5.754162900000000525e-01 6.354719100000000287e-01
3.136727000000000265e-01 5.777204599999999912e-01 6.351354000000000166e-01
3.162042800000000042e-01 5.800266899999999559e-01 6.348117800000000477e-01
3.187208300000000105e-01 5.823350999999999944e-01 6.345004899999999726e-01
3.212224499999999927e-01 5.846458500000000225e-01 6.342009800000000252e-01
3.237092599999999987e-01 5.869590700000000272e-01 6.339126899999999454e-01
3.261814699999999734e-01 5.892749499999999641e-01 6.336343800000000526e-01
3.286392300000000044e-01 5.915936699999999604e-01 6.333651200000000037e-01
3.310825499999999755e-01 5.939152399999999554e-01 6.331054200000000298e-01
3.335116000000000192e-01 5.962397900000000472e-01 6.328546900000000530e-01
3.359265300000000010e-01 5.985674300000000114e-01 6.326123599999999847e-01
3.383275199999999927e-01 6.008982899999999461e-01 6.323778199999999794e-01
3.407147600000000054e-01 6.032324599999999704e-01 6.321504799999999591e-01
3.430885499999999921e-01 6.055701900000000082e-01 6.319282699999999586e-01
3.454489900000000113e-01 6.079114300000000304e-01 6.317120200000000407e-01
3.477962800000000132e-01 6.102562900000000345e-01 6.315011799999999953e-01
3.501306800000000274e-01 6.126048400000000393e-01 6.312951100000000482e-01
3.524524399999999780e-01 6.149571700000000529e-01 6.310931800000000313e-01
3.547618300000000002e-01 6.173133699999999724e-01 6.308947700000000491e-01
3.570591399999999971e-01 6.196734900000000490e-01 6.306992300000000551e-01
3.593447000000000169e-01 6.220376899999999765e-01 6.305051000000000405e-01
3.616187900000000233e-01 6.244059800000000271e-01 6.303121499999999600e-01
3.638817599999999985e-01 6.267783900000000186e-01 6.301201699999999795e-01
3.661339299999999963e-01 6.291549499999999906e-01 6.299285000000000023e-01
3.683756999999999726e-01 6.315357200000000226e-01 6.297364899999999821e-01
3.706074500000000049e-01 6.339207399999999826e-01 6.295434800000000441e-01
3.728295799999999938e-01 6.363100200000000317e-01 6.293488099999999807e-01
3.750425399999999798e-01 6.387036000000000380e-01 6.291518099999999780e-01
3.772467700000000090e-01 6.411014999999999908e-01 6.289518200000000503e-01
3.794427300000000058e-01 6.435038100000000094e-01 6.287473500000000382e-01
3.816309099999999899e-01 6.459104700000000143e-01 6.285384400000000316e-01
3.838118099999999755e-01 6.483214499999999658e-01 6.283245699999999712e-01
3.859859600000000168e-01 6.507367600000000252e-01 6.281050799999999823e-01
3.881538999999999962e-01 6.531563799999999809e-01 6.278793099999999683e-01
3.903162099999999968e-01 6.555802899999999545e-01 6.276466000000000545e-01
3.924734699999999910e-01 6.580084600000000172e-01 6.274062999999999723e-01
3.946262700000000012e-01 6.604408600000000185e-01 6.271577499999999583e-01
3.967752600000000185e-01 6.628774499999999792e-01 6.269002900000000267e-01
3.989210599999999940e-01 6.653181799999999813e-01 6.266332900000000095e-01
4.010643300000000244e-01 6.677629999999999955e-01 6.263561100000000215e-01
4.032057700000000189e-01 6.702118500000000534e-01 6.260681099999999555e-01
4.053460500000000133e-01 6.726646800000000148e-01 6.257683899999999522e-01
4.074858800000000225e-01 6.751214399999999616e-01 6.254562999999999651e-01
4.096260199999999796e-01 6.775820099999999568e-01 6.251315699999999698e-01
4.117671999999999999e-01 6.800462999999999925e-01 6.247935900000000098e-01
4.139101800000000164e-01 6.825142299999999995e-01 6.244417700000000071e-01
4.160557500000000020e-01 6.849856899999999804e-01 6.240755000000000052e-01
4.182046899999999900e-01 6.874605799999999878e-01 6.236942300000000161e-01
4.203578099999999984e-01 6.899387999999999632e-01 6.232973800000000120e-01
4.225159199999999893e-01 6.924202200000000307e-01 6.228844000000000047e-01
4.246798600000000201e-01 6.949047400000000207e-01 6.224547400000000064e-01
4.268504699999999819e-01 6.973922200000000071e-01 6.220078700000000183e-01
4.290285899999999875e-01 6.998825400000000529e-01 6.215432699999999810e-01
4.312150799999999728e-01 7.023755600000000099e-01 6.210604199999999464e-01
4.334108199999999744e-01 7.048711399999999516e-01 6.205588399999999449e-01
4.356166699999999836e-01 7.073691300000000126e-01 6.200380399999999570e-01
4.378335300000000263e-01 7.098693900000000445e-01 6.194975499999999524e-01
4.400622799999999724e-01 7.123717499999999703e-01 6.189369200000000015e-01
4.423038000000000247e-01 7.148760800000000248e-01 6.183556900000000134e-01
4.445590099999999767e-01 7.173821900000000307e-01 6.177534500000000373e-01
4.468287899999999757e-01 7.198899300000000112e-01 6.171297799999999611e-01
4.491140499999999869e-01 7.223991199999999502e-01 6.164842799999999956e-01
4.514156899999999806e-01 7.249096000000000428e-01 6.158165700000000076e-01
4.537346099999999827e-01 7.274211800000000006e-01 6.151262699999999750e-01
4.560717100000000190e-01 7.299336899999999684e-01 6.144130300000000267e-01
4.584278999999999993e-01 7.324469399999999908e-01 6.136765100000000084e-01
4.608040600000000153e-01 7.349607500000000515e-01 6.129163899999999776e-01
4.632010799999999873e-01 7.374749299999999730e-01 6.121323499999999918e-01
4.656198699999999913e-01 7.399892900000000218e-01 6.113241000000000369e-01
4.680612900000000187e-01 7.425036299999999700e-01 6.104913600000000384e-01
4.705262100000000003e-01 7.450177599999999734e-01 6.096338700000000221e-01
4.730155200000000226e-01 7.475314800000000259e-01 6.087513799999999531e-01
4.755300499999999819e-01 7.500445999999999502e-01 6.078436400000000184e-01
4.780706800000000256e-01 7.525568999999999731e-01 6.069104400000000510e-01
4.806382200000000049e-01 7.550681999999999672e-01 6.059515899999999844e-01
4.832335600000000064e-01 7.575783000000000378e-01 6.049664599999999837e-01
4.858575099999999924e-01 7.600869999999999571e-01 6.039549899999999694e-01
4.885108400000000017e-01 7.625940599999999625e-01 6.029172900000000501e-01
4.911943599999999965e-01 7.650992899999999874e-01 6.018532100000000273e-01
4.939088300000000209e-01 7.676024799999999759e-01 6.007626200000000249e-01
4.966550200000000026e-01 7.701034100000000437e-01 5.996453999999999951e-01
4.994336799999999910e-01 7.726018700000000239e-01 5.985014600000000407e-01
5.022455500000000406e-01 7.750976600000000216e-01 5.973306999999999922e-01
5.050913299999999495e-01 7.775905499999999915e-01 5.961330500000000532e-01
5.079717299999999547e-01 7.800803499999999779e-01 5.949084500000000331e-01
5.108874399999999705e-01 7.825668300000000466e-01 5.936568500000000137e-01
5.138391500000000223e-01 7.850498000000000198e-01 5.923779799999999707e-01
5.168276800000000115e-01 7.875290499999999527e-01 5.910711100000000107e-01
5.198534700000000397e-01 7.900043500000000218e-01 5.897371500000000433e-01
5.229171400000000025e-01 7.924754800000000099e-01 5.883760999999999575e-01
5.260192799999999780e-01 7.949422299999999719e-01 5.869879900000000150e-01
5.291604500000000044e-01 7.974043899999999629e-01 5.855728500000000336e-01
5.323411999999999589e-01 7.998617500000000380e-01 5.841307300000000424e-01
5.355620599999999509e-01 8.023140899999999798e-01 5.826616900000000099e-01
5.388236800000000271e-01 8.047612200000000549e-01 5.811652999999999958e-01
5.421266700000000327e-01 8.072029200000000460e-01 5.796411700000000389e-01
5.454712699999999526e-01 8.096389600000000186e-01 5.780903400000000358e-01
5.488579099999999489e-01 8.120691599999999566e-01 5.765129500000000240e-01
5.522870199999999619e-01 8.144932900000000364e-01 5.749090900000000115e-01
5.557589899999999528e-01 8.169111500000000303e-01 5.732789200000000251e-01
5.592742099999999938e-01 8.193225299999999933e-01 5.716225900000000415e-01
5.628335300000000263e-01 8.217272300000000307e-01 5.699386699999999806e-01
5.664368499999999917e-01 8.241250399999999754e-01 5.682288199999999678e-01
5.700844299999999754e-01 8.265157600000000437e-01 5.664933100000000277e-01
5.737765700000000413e-01 8.288991999999999472e-01 5.647323300000000046e-01
5.775135300000000527e-01 8.312751499999999627e-01 5.629461000000000048e-01
5.812958200000000186e-01 8.336434099999999736e-01 5.611341100000000193e-01
5.851237999999999717e-01 8.360037599999999847e-01 5.592962799999999790e-01
5.889972900000000067e-01 8.383560399999999690e-01 5.574338899999999875e-01
5.929164599999999785e-01 8.407000700000000215e-01 5.555472000000000188e-01
5.968814599999999748e-01 8.430356399999999750e-01 5.536364799999999864e-01
6.008927299999999860e-01 8.453625500000000459e-01 5.517012300000000424e-01
6.049505200000000471e-01 8.476806000000000063e-01 5.497414800000000046e-01
6.090544700000000145e-01 8.499896500000000410e-01 5.477585900000000452e-01
6.132046500000000178e-01 8.522895200000000226e-01 5.457528699999999455e-01
6.174011099999999752e-01 8.545800399999999852e-01 5.437246300000000421e-01
6.216445400000000232e-01 8.568609499999999546e-01 5.416726899999999567e-01
6.259343800000000124e-01 8.591321499999999833e-01 5.395986799999999972e-01
6.302704900000000166e-01 8.613934800000000447e-01 5.375032100000000090e-01
6.346528299999999456e-01 8.636447900000000510e-01 5.353866600000000142e-01
6.390817899999999829e-01 8.658858499999999569e-01 5.332484100000000060e-01
6.435571700000000117e-01 8.681165199999999471e-01 5.310891199999999701e-01
6.480785000000000018e-01 8.703366999999999631e-01 5.289099499999999621e-01
6.526456600000000163e-01 8.725462400000000285e-01 5.267113100000000436e-01
6.572589300000000190e-01 8.747449200000000369e-01 5.244927400000000128e-01
6.619180799999999643e-01 8.769326200000000515e-01 5.222547899999999688e-01
6.666225399999999857e-01 8.791092600000000035e-01 5.199986899999999856e-01
6.713720899999999769e-01 8.812747199999999559e-01 5.177248700000000037e-01
6.761670300000000022e-01 8.834287699999999743e-01 5.154328200000000137e-01
6.810068500000000524e-01 8.855713299999999899e-01 5.131234999999999546e-01
6.858910000000000284e-01 8.877023400000000342e-01 5.107979200000000164e-01
6.908192100000000169e-01 8.898216899999999985e-01 5.084565399999999569e-01
6.957918499999999895e-01 8.919291400000000092e-01 5.060986200000000546e-01
7.008079499999999573e-01 8.940247099999999447e-01 5.037258599999999698e-01
7.058671399999999485e-01 8.961083100000000190e-01 5.013388300000000131e-01
7.109692600000000473e-01 8.981798100000000229e-01 4.989376999999999840e-01
7.161141699999999943e-01 9.002390799999999693e-01 4.965225899999999859e-01
7.213010499999999992e-01 9.022861300000000195e-01 4.940948299999999849e-01
7.265294900000000000e-01 9.043208799999999936e-01 4.916549299999999900e-01
7.317995099999999864e-01 9.063431800000000260e-01 4.892027199999999798e-01
7.371103599999999645e-01 9.083530199999999555e-01 4.867392999999999859e-01
7.424614699999999567e-01 9.103503800000000146e-01 4.842654200000000020e-01
7.478525499999999493e-01 9.123351800000000233e-01 4.817813899999999760e-01
7.532832600000000101e-01 9.143073400000000239e-01 4.792875699999999961e-01
7.587528399999999840e-01 9.162668800000000058e-01 4.767849900000000196e-01
7.642608199999999519e-01 9.182137599999999900e-01 4.742741699999999949e-01
7.698069300000000004e-01 9.201479099999999578e-01 4.717553500000000177e-01
7.753904499999999533e-01 9.220693599999999490e-01 4.692294399999999976e-01
7.810108399999999840e-01 9.239780899999999741e-01 4.666970300000000127e-01
7.866676599999999908e-01 9.258740800000000437e-01 4.641586100000000270e-01
7.923603399999999963e-01 9.277573300000000467e-01 4.616148099999999865e-01
7.980883199999999622e-01 9.296278500000000333e-01 4.590662500000000090e-01
8.038510700000000009e-01 9.314856500000000539e-01 4.565134800000000270e-01
8.096479600000000554e-01 9.333307499999999868e-01 4.539572199999999946e-01
8.154785100000000453e-01 9.351631700000000436e-01 4.513979300000000028e-01
8.213422000000000223e-01 9.369829200000000524e-01 4.488361499999999893e-01
8.272382999999999820e-01 9.387900700000000320e-01 4.462727100000000169e-01
8.331663200000000158e-01 9.405846399999999718e-01 4.437080800000000047e-01
8.391258200000000222e-01 9.423666400000000332e-01 4.411426600000000198e-01
8.451161499999999549e-01 9.441361499999999518e-01 4.385771399999999764e-01
8.511364900000000233e-01 9.458932700000000082e-01 4.360124699999999853e-01
8.571866500000000499e-01 9.476379700000000517e-01 4.334486699999999804e-01
8.632661200000000257e-01 9.493703000000000003e-01 4.308862600000000209e-01
8.693737999999999744e-01 9.510904599999999709e-01 4.283264999999999989e-01
8.755095200000000411e-01 9.527984200000000348e-01 4.257694599999999885e-01
8.816728999999999816e-01 9.544942100000000096e-01 4.232154100000000141e-01
8.878632199999999530e-01 9.561779400000000040e-01 4.206651399999999930e-01
8.940794800000000375e-01 9.578498500000000027e-01 4.181198099999999807e-01
9.003218100000000002e-01 9.595098100000000185e-01 4.155790300000000159e-01
9.065897200000000433e-01 9.611578899999999592e-01 4.130432700000000179e-01
9.128820399999999502e-01 9.627943899999999999e-01 4.105139199999999766e-01
9.191985099999999687e-01 9.644193199999999688e-01 4.079911299999999796e-01
9.255390399999999795e-01 9.660326399999999980e-01 4.054748300000000083e-01
9.319031700000000029e-01 9.676344399999999846e-01 4.029654799999999870e-01
9.382892800000000033e-01 9.692251699999999692e-01 4.004650399999999943e-01
9.446978900000000401e-01 9.708046200000000070e-01 3.979726599999999781e-01
9.511286799999999486e-01 9.723728499999999553e-01 3.954886100000000182e-01
9.575811400000000528e-01 9.739299500000000442e-01 3.930134000000000127e-01
9.640535500000000368e-01 9.754764700000000399e-01 3.905491500000000116e-01
9.705468000000000428e-01 9.770120799999999495e-01 3.880945599999999773e-01
9.770604600000000195e-01 9.785368599999999528e-01 3.856500400000000273e-01
9.835941599999999951e-01 9.800509099999999973e-01 3.832159900000000063e-01
