1.204920851636465812e-01 0.000000000000000000e+00 4.732333202389463755e-01
1.206324196271853638e-01 0.000000000000000000e+00 4.734508386574314276e-01
1.210528759055778253e-01 0.000000000000000000e+00 4.741025458889397415e-01
1.217518190528014965e-01 0.000000000000000000e+00 4.751859077671364839e-01
1.227265453367340220e-01 0.000000000000000000e+00 4.766967335072318512e-01
1.239733135745253040e-01 0.000000000000000000e+00 4.786292242758083404e-01
1.254873881511641420e-01 1.755860911461001872e-03 4.809760398695985817e-01
1.272630928979500697e-01 7.349330863836705564e-03 4.837283822271167266e-01
1.292938748108095892e-01 1.374629388934422297e-02 4.868760941920489138e-01
1.315723764186116362e-01 2.092357395392052677e-02 4.904077716841420687e-01
1.340905154729025439e-01 2.885571197493697407e-02 4.943108872182930269e-01
1.368395705258019512e-01 3.751523539157008980e-02 4.985719225502870944e-01
1.398102708940680561e-01 4.687294155160830200e-02 5.031765081210995971e-01
1.429928894752965363e-01 5.689819008247806037e-02 5.081095669220037081e-01
1.463773368864473845e-01 6.755919942760318930e-02 5.133554604092875895e-01
1.499532554339057522e-01 7.882334285209703639e-02 5.188981341578480233e-01
1.537101114955786718e-01 9.065743944636675544e-02 5.247212610534410793e-01
1.575547866205305736e-01 1.027681660899653765e-01 5.306805074971163716e-01
1.613994617454825586e-01 1.148788927335639976e-01 5.366397539407921080e-01
1.652441368704344604e-01 1.269896193771626047e-01 5.425990003844675114e-01
1.690888119953864177e-01 1.391003460207612952e-01 5.485582468281430257e-01
1.729334871203383750e-01 1.512110726643598468e-01 5.545174932718186511e-01
1.767781622452903045e-01 1.633217993079585095e-01 5.604767397154940545e-01
1.806228373702422063e-01 1.754325259515571167e-01 5.664359861591696799e-01
1.844675124951941914e-01 1.875432525951556961e-01 5.723952326028451942e-01
1.883121876201461209e-01 1.996539792387543311e-01 5.783544790465203755e-01
1.921568627450980504e-01 2.117647058823529660e-01 5.843137254901962230e-01
1.960015378700499800e-01 2.238754325259515177e-01 5.902729719338718484e-01
1.998462129950019928e-01 2.359861591695501526e-01 5.962322183775472517e-01
2.036908881199538390e-01 2.480968858131487875e-01 6.021914648212227661e-01
2.075355632449058518e-01 2.602076124567473947e-01 6.081507112648981694e-01
2.113920939434004720e-01 2.723152654331312816e-01 6.141090795179409145e-01
2.153678957946553452e-01 2.843919962587996286e-01 6.200586128707791245e-01
2.194701141763222008e-01 2.964359524284351233e-01 6.259987820361794242e-01
2.237058003502303272e-01 3.084453058371191547e-01 6.319290646984511151e-01
2.280818497190026384e-01 3.204182687878753821e-01 6.378489500870285767e-01
2.326049386392345930e-01 3.323531103734384540e-01 6.437579436569798030e-01
2.372814607259895736e-01 3.442481729899029563e-01 6.496555718071882479e-01
2.421174636398067403e-01 3.561018887252771492e-01 6.555413865627998105e-01
2.471185873828631308e-01 3.679127953567746800e-01 6.614149701458748032e-01
2.522900051434553981e-01 3.796795516874296728e-01 6.672759393572806896e-01
2.576363677162609722e-01 3.914009519556588268e-01 6.731239496937075906e-01
2.631617524893263838e-01 4.030759390608575354e-01 6.789586991264118243e-01
2.688696179276026665e-01 4.147036163639647444e-01 6.847799314728042486e-01
2.747627643980622425e-01 4.262832578439130216e-01 6.905874392982936927e-01
2.808433020747318487e-01 4.378143164185478997e-01 6.963810662936942286e-01
2.871126265358267537e-01 4.492964302712945668e-01 7.021607090828404507e-01
2.935714025226990320e-01 4.607294270618028653e-01 7.079263184256332497e-01
3.002195561751983544e-01 4.721133259390004611e-01 7.136778997931939594e-01
3.070562758944100357e-01 4.834483373174204845e-01 7.194155133039613625e-01
3.140800218159950363e-01 4.947348604211512235e-01 7.251392730219603511e-01
3.212885437100787556e-01 5.059734786431232534e-01 7.308493456308852165e-01
3.287034962990649234e-01 5.171280688029513684e-01 7.365305801735747560e-01
3.363333162593918901e-01 5.281815272848707776e-01 7.421757284155685586e-01
3.441759093423984450e-01 5.391317896104825813e-01 7.477837877088638896e-01
3.522285788270571039e-01 5.499769956826630057e-01 7.533538214285022683e-01
3.604880589539148916e-01 5.607155041549106711e-01 7.588849667252755005e-01
3.689505524697277994e-01 5.713459060607084528e-01 7.643764421185821334e-01
3.776117715699240929e-01 5.818670375311749687e-01 7.698275548239178478e-01
3.864669815075075232e-01 5.922779914179037153e-01 7.752377077036809450e-01
3.955110461366549424e-01 6.025781276299960743e-01 7.806064057264493483e-01
4.047384746758890817e-01 6.127670819906879673e-01 7.859332618189727171e-01
4.141434690076393754e-01 6.228447734204906050e-01 7.912180019970999068e-01
4.237088335954817819e-01 6.328142967040477629e-01 7.964612946506518520e-01
4.333287765968580896e-01 6.427019523673043189e-01 8.016704757957451299e-01
4.430040054974421770e-01 6.525066791817494272e-01 8.068451032538335177e-01
4.527350187984963692e-01 6.622277293954892396e-01 8.119848654616280692e-01
4.625221002314992558e-01 6.718646774113061770e-01 8.170895850869548394e-01
4.723653154499174445e-01 6.814174247489996894e-01 8.221592210963969416e-01
4.822645112623286101e-01 6.908862011957039861e-01 8.271938692345934818e-01
4.922193174218020828e-01 7.002715621218147390e-01 8.321937609058760454e-01
5.022291509367513562e-01 7.095743820147117908e-01 8.371592604799862336e-01
5.122905882478121509e-01 7.187721332085087456e-01 8.420790055005474839e-01
5.223963371122458677e-01 7.278095377486918371e-01 8.469252337494680427e-01
5.325446978715251412e-01 7.366836012892761243e-01 8.516963015944611914e-01
5.427338061184379114e-01 7.453916593891287690e-01 8.563907087765811887e-01
5.529616520877466135e-01 7.539313966875934581e-01 8.610071098473284223e-01
5.632261015487010081e-01 7.623008648055158432e-01 8.655443251445347208e-01
5.735249178391645941e-01 7.704984987758914938e-01 8.700013511728860172e-01
5.838557846649575778e-01 7.785231317919351079e-01 8.743773702451698160e-01
5.942163292807922659e-01 7.863740080471778304e-01 8.786717592331393378e-01
6.046041456708906026e-01 7.940507934336671347e-01 8.828840972728874137e-01
6.150168173577527098e-01 8.015535838617087183e-01 8.870141722694755426e-01
6.254519394861122183e-01 8.088829109690111041e-01 8.910619860496729050e-01
6.358840403100628480e-01 8.160743943169012082e-01 8.950421952361131694e-01
6.463023842951446385e-01 8.231420661149707607e-01 8.989604986476427140e-01
6.567068256934607273e-01 8.300846146321497754e-01 9.028162404187277668e-01
6.670972719432789466e-01 8.369012068128451887e-01 9.066090040215705192e-01
6.774736847467428547e-01 8.435914979763556865e-01 9.103386171158210916e-01
6.878360805172197834e-01 8.501556358429813720e-01 9.140051535616291467e-01
6.981845301875791998e-01 8.565942588085496689e-01 9.176089325569084520e-01
7.085191583831365048e-01 8.629084885009008499e-01 9.211505149155790884e-01
7.188401419753106536e-01 8.690999167628005173e-01 9.246306965590243010e-01
7.290607671712863169e-01 8.751152613028658767e-01 9.277659655814608497e-01
7.391664021786034100e-01 8.809475084569672321e-01 9.305087732463634964e-01
7.491516013961788678e-01 8.865958627131309555e-01 9.328416893610301797e-01
7.590110770444054022e-01 8.920599717925792316e-01 9.347478505417833317e-01
7.687397465578156286e-01 8.973399240381162434e-01 9.362111105084970353e-01
7.783327802391910577e-01 9.024362433830636077e-01 9.372161908553394705e-01
7.877856484499248246e-01 9.073498820631291650e-01 9.377488300158937085e-01
7.970941675809649629e-01 9.120822112307052087e-01 9.377959280435222977e-01
8.062545440347870240e-01 9.166350096234578970e-01 9.373456847826041605e-01
8.152634154527865773e-01 9.210104504281071414e-01 9.363877290171480627e-01
8.241178884449270603e-01 9.252110864673303015e-01 9.349132362528109752e-01
8.328180470708579364e-01 9.292621083855548969e-01 9.329261701977160648e-01
8.413676474969753460e-01 9.332173205402617411e-01 9.304463682159577198e-01
8.497648562026401953e-01 9.370755561455897942e-01 9.274678296945371159e-01
8.580084184835766736e-01 9.408360167533634799e-01 9.239864483285505914e-01
8.660976730369649434e-01 9.444982815345150939e-01 9.200000598542251717e-01
8.740325596804606745e-01 9.480623121911901929e-01 9.155084673111597571e-01
8.818136200551653925e-01 9.515284534040892028e-01 9.105134433429606933e-01
8.894419912988842380e-01 9.548974288063605265e-01 9.050187094915348451e-01
8.969193928126757420e-01 9.581703325623145417e-01 8.990298928876199192e-01
9.041778511264129126e-01 9.612542112210604728e-01 8.925764159422957533e-01
9.111456894878264823e-01 9.640507557259648808e-01 8.856907808414992145e-01
9.178178033154271720e-01 9.665507566344875290e-01 8.783864940255439180e-01
9.241896959907275333e-01 9.687454909491581834e-01 8.706785470369734492e-01
9.302575111977592348e-01 9.706267949771407721e-01 8.625832573903391420e-01
9.360180628119286750e-01 9.721871365289239675e-01 8.541180968670477602e-01
9.414688620100444272e-01 9.734196854440057001e-01 8.453015102326799646e-01
9.466081412460757294e-01 9.743183813737252841e-01 8.361527274893755246e-01
9.514348747155231267e-01 9.748779977155259679e-01 8.266915728168353628e-01
9.559487949176926902e-01 9.750942005818948877e-01 8.169382733231698168e-01
9.601504049219273806e-01 9.749636017032902169e-01 8.069132706242763131e-01
9.640409859528351610e-01 9.744838042089933872e-01 7.966370381027341185e-01
9.677042733236950189e-01 9.737054142798685641e-01 7.863972012068757289e-01
9.711469341851879378e-01 9.726305574787819097e-01 7.762263100951948269e-01
9.743668055516158111e-01 9.712563272937013714e-01 7.661250407007216268e-01
9.773625794661610078e-01 9.695809661576535454e-01 7.560938017599618810e-01
9.801338182390437748e-01 9.676038859249973534e-01 7.461327300509716931e-01
9.826809595600440872e-01 9.653256747413733185e-01 7.362416887956947376e-01
9.850053113859787990e-01 9.627480901737555108e-01 7.264202692576254838e-01
9.871090367025467938e-01 9.598740387341759828e-01 7.166677955037336067e-01
9.889951284560276612e-01 9.566991993831868157e-01 7.069833322383066720e-01
9.906673751384307280e-01 9.531530741659938188e-01 6.973656955575912031e-01
9.921303176847157124e-01 9.492367367352325669e-01 6.878134664194126557e-01
9.933891984981422230e-01 9.449522695712169185e-01 6.783250065727522982e-01
9.944499035556144673e-01 9.403027296350481290e-01 6.688984766498278223e-01
9.953188986558958451e-01 9.352921071669513253e-01 6.595318560885254922e-01
9.960031609572901345e-01 9.299252785127967158e-01 6.502229645268752245e-01
9.965101070063913102e-01 9.242079538959494522e-01 6.409694842940668602e-01
9.968475184851224302e-01 9.181466210610735867e-01 6.317689836144987359e-01
9.970234668999156114e-01 9.117484857031725731e-01 6.226189401424114811e-01
9.970462384056628657e-01 9.050214095614429466e-01 6.135167644544010646e-01
9.969242599000386340e-01 8.979738470065643519e-01 6.044598231449440640e-01
9.967320261437908613e-01 8.907034666386973720e-01 5.954248366013070726e-01
9.965397923875431996e-01 8.833027033222571323e-01 5.863898500576701922e-01
9.963475586312957599e-01 8.757700721199657146e-01 5.773548635140332008e-01
9.961553248750482092e-01 8.681045909582636444e-01 5.683198769703959874e-01
9.959630911188007696e-01 8.603057920561997252e-01 5.592848904267588850e-01
9.957708573625528858e-01 8.523737273894351762e-01 5.502499038831216716e-01
9.955786236063052241e-01 8.443089680831327160e-01 5.412149173394849022e-01
9.953863898500575624e-01 8.361125977455302616e-01 5.321799307958477998e-01
9.951941560938100118e-01 8.277861998717249703e-01 5.231449442522106974e-01
9.949773329998448101e-01 8.192857345531612268e-01 5.141622100512245330e-01
9.947238984520232474e-01 8.105911834092767165e-01 5.052572751896814429e-01
9.944317509381855880e-01 8.017015586772003877e-01 4.964346053809229886e-01
9.940988277816293905e-01 7.926163420439253926e-01 4.876985838129420658e-01
9.937231237085717428e-01 7.833354828667188352e-01 4.790534716925264891e-01
9.933027096781573695e-01 7.738593938083435653e-01 4.705033682314939680e-01
9.928357516876450406e-01 7.641889440521403287e-01 4.620521706856690614e-01
9.923205292523805676e-01 7.543254502598016886e-01 4.537035350849427107e-01
9.917554532537061762e-01 7.442706654273680833e-01 4.454608383064630472e-01
9.911390828485476812e-01 7.340267657839459892e-01 4.373271421417608273e-01
9.904701411423030288e-01 7.235963358644249555e-01 4.293051599918675243e-01
9.897475293418501741e-01 7.129901892191601309e-01 4.213972267921671233e-01
9.889703391278631406e-01 7.022817080485189711e-01 4.136052727212259361e-01
9.881378630146687714e-01 6.914695658168634740e-01 4.059308011861012533e-01
9.872496025010041309e-01 6.805528278343265791e-01 3.983748715019755360e-01
9.863052738553907961e-01 6.695309621043860071e-01 3.909380865982405862e-01
9.853048114243623257e-01 6.584038455267915424e-01 3.836205859885136737e-01
9.842483683993402677e-01 6.471717653354600586e-01 3.764220441410215390e-01
9.831363150272561802e-01 6.358354157433869780e-01 3.693416742810370357e-01
9.819692342996962919e-01 6.243958898597965490e-01 3.623782375514383869e-01
9.807215694851431076e-01 6.128599361799847989e-01 3.555326919257589813e-01
9.793312433496831337e-01 6.012420159485932780e-01 3.488092486258646541e-01
9.777941477259846081e-01 5.895453820233820252e-01 3.422059458279131383e-01
9.761064259192142600e-01 5.777735951803968373e-01 3.357204469796594148e-01
9.742645038761686971e-01 5.659304871819411664e-01 3.293500676420306750e-01
9.722651208773049891e-01 5.540201210169242163e-01 3.230918052310164934e-01
9.701053593407310549e-01 5.420467489978070263e-01 3.169423711134485289e-01
9.677826733007589555e-01 5.300147694291300615e-01 3.108982244880200696e-01
9.652949151056863242e-01 5.179286825764549684e-01 3.049556074746856971e-01
9.626403598714984300e-01 5.057930466614087850e-01 2.991105808409945110e-01
9.598177272313740405e-01 4.936124345888988074e-01 2.933590598121229021e-01
9.568261999360919701e-01 4.813913920773721933e-01 2.876968494412235344e-01
9.536885384331921234e-01 4.691777094606124909e-01 2.820705925234627265e-01
9.504133085416031079e-01 4.569915405215908555e-01 2.764580924445709798e-01
9.469990527823578530e-01 4.448331767561004568e-01 2.708594949524447681e-01
9.434448455381307941e-01 4.327028032876064634e-01 2.652748926088167036e-01
9.397503038303647305e-01 4.206004967118201487e-01 2.597043237115425618e-01
9.359155917927272084e-01 4.085262242020082368e-01 2.541477718472556213e-01
9.319414187539141192e-01 3.964798438924313495e-01 2.486051660830860821e-01
9.278290309670819136e-01 3.844611065324582411e-01 2.430763817937185711e-01
9.235801971464153715e-01 3.724696583792521665e-01 2.375612421077344383e-01
9.191141990754289059e-01 3.605564194251683618e-01 2.321662201071864884e-01
9.144195548139478769e-01 3.487296486545382601e-01 2.269093354233394644e-01
9.094939538112335464e-01 3.369921141074033732e-01 2.217973438447166934e-01
9.043356069114292239e-01 3.253464328110848292e-01 2.168368167851001949e-01
8.989432561499171026e-01 3.137950482965592425e-01 2.120340822293068361e-01
8.933161820026055411e-01 3.023402083959976228e-01 2.073951652878233964e-01
8.874542080706587788e-01 2.909839436448838357e-01 2.029257292672774216e-01
8.813577031719157517e-01 2.797280466273570632e-01 1.986310182015546821e-01
8.750275807983167731e-01 2.685740526114165361e-01 1.945158018054447824e-01
8.684652958878272822e-01 2.575232218205815160e-01 1.905843238075024815e-01
8.616728388513221759e-01 2.465765236799078441e-01 1.868402545905093193e-01
8.546774763038224032e-01 2.357296734541449446e-01 1.832841740651299234e-01
8.475383991110463366e-01 2.249717894373628180e-01 1.799128695122492461e-01
8.402538570942016394e-01 2.143039550735753584e-01 1.767285911617419436e-01
8.328226525810253911e-01 2.037269117789456407e-01 1.737328788779468614e-01
8.252441543279168679e-01 1.932410503233215615e-01 1.709265442597789897e-01
8.175183048880925174e-01 1.828464062689977299e-01 1.683096611673884635e-01
8.096456212826041998e-01 1.725426595553231635e-01 1.658815648594231529e-01
8.016271889611749080e-01 1.623291382372310798e-01 1.636408597576679280e-01
7.934646491702694870e-01 1.522048263050050643e-01 1.615854356880960518e-01
7.851601799730889564e-01 1.421683754338065320e-01 1.597124922837349636e-01
7.767164712868174226e-01 1.322181204368071405e-01 1.580185710796337684e-01
7.681366944132689278e-01 1.223520981271697394e-01 1.564995946877458521e-01
7.594244666371924302e-01 1.125680692333829447e-01 1.551509123133938961e-01
7.505838115494858354e-01 1.028635429610817165e-01 1.539673507682810250e-01
7.416191158185082566e-01 9.323580375366220807e-02 1.529432700502303122e-01
7.325350831802349694e-01 8.368193977456866994e-02 1.520726224987027364e-01
7.233366864463820489e-01 7.419887261654825594e-02 1.513490144986347763e-01
7.140291183387459384e-01 6.478338773753655744e-02 1.507657696934309732e-01
7.046177419482554383e-01 5.543216512886325192e-02 1.503159926804684965e-01
6.951080415896666587e-01 4.614180973853643924e-02 1.499926321979178911e-01
6.855055747789313703e-01 3.690888119953863317e-02 1.497885428681276498e-01
6.758938869665512827e-01 2.768166089965397661e-02 1.495963091118800714e-01
6.662821991541715283e-01 1.845444059976931658e-02 1.494040753556324930e-01
6.566705113417914408e-01 9.227220299884656557e-03 1.492118415993848868e-01
6.470588235294119084e-01 8.673617379884035472e-19 1.490196078431372251e-01
6.374471357170319319e-01 0.000000000000000000e+00 1.488273740868897022e-01
6.278354479046521774e-01 0.000000000000000000e+00 1.486351403306420682e-01
6.182237600922723120e-01 0.000000000000000000e+00 1.484429065743944620e-01
6.086120722798924465e-01 0.000000000000000000e+00 1.482506728181468558e-01
5.990003844675124700e-01 0.000000000000000000e+00 1.480584390618992219e-01
5.893886966551326045e-01 0.000000000000000000e+00 1.478662053056516990e-01
5.797770088427528501e-01 0.000000000000000000e+00 1.476739715494040928e-01
5.701653210303729846e-01 0.000000000000000000e+00 1.474817377931564866e-01
5.605536332179932302e-01 0.000000000000000000e+00 1.472895040369088804e-01
5.509419454056133647e-01 0.000000000000000000e+00 1.470972702806612742e-01
5.415498052514309268e-01 0.000000000000000000e+00 1.469094274775776532e-01
5.326100088827850909e-01 0.000000000000000000e+00 1.467306315502047154e-01
5.241488903549080813e-01 0.000000000000000000e+00 1.465614091796471341e-01
5.161923439018366588e-01 0.000000000000000000e+00 1.464022782505857434e-01
5.087655929811716327e-01 0.000000000000000000e+00 1.462537432321724395e-01
5.018929553489229756e-01 0.000000000000000000e+00 1.461162904795274831e-01
4.955976077131957203e-01 0.000000000000000000e+00 1.459903835268129557e-01
4.899013536936905333e-01 0.000000000000000000e+00 1.458764584464228298e-01
4.848243989115418873e-01 0.000000000000000000e+00 1.457749193507798524e-01
4.803851370445769153e-01 0.000000000000000000e+00 1.456861341134405852e-01
4.765999506029798827e-01 0.000000000000000000e+00 1.456104303846086356e-01
4.734830300085016708e-01 0.000000000000000000e+00 1.455480919727190625e-01
4.710462142986704959e-01 0.000000000000000000e+00 1.454993556585224002e-01
4.692988564306111443e-01 0.000000000000000000e+00 1.454644085011612131e-01
4.682477157346301433e-01 0.000000000000000000e+00 1.454433856872416331e-01
